1690090490207 0.900657631301534 0
1690090497870 0.9123022918011621 0
1690090503662 0.9152354826715481 0
1690090509360 0.7308317279012184 0
1690090529523 0.9916907396360249 0
1690090537976 0.9362816251399434 0
1690090545906 0.9136340513683798 0
1690090555571 0.9114725915453825 0
1690090561616 0.9156453530656774 0
1690090570403 0.7321956642096575 0
1690090582330 0.8998297186424888 0
1690090588434 0.9001410158452574 0
1690090600241 0.9203513291547833 0
1690090610028 0.8984604195438461 0
1690090625768 0.9305488024123361 0
1690090632520 0.8435492784238094 0
1690090644140 0.9304801076235384 0
1690090652245 0.9134859362103768 0
1690090667939 0.9698123432022293 0
1690090677010 0.8956503174771802 0
1690090682602 0.8263766027081578 0
1690090691564 0.8985030664945125 0
1690090698551 0.9006328603182128 0
1690090707169 0.9027943201412099 0
1690090716854 0.9022879195234165 0
1690090724853 0.8836271972117578 0
1690090731249 0.9211243370569825 0
1690090736290 0.9283763616379697 0
1690090748415 0.8973339782301362 0
1690090755980 0.8470746745552459 0
1690090765415 0.9138115341870214 0
1690090774944 0.8942575242500265 0
1690090782455 0.9016701771661586 0
1690090794216 0.8746023874120503 0
1690090805942 0.905889926943475 0
1690090815066 0.9017212513585735 0
1690090823468 0.9161096174747286 0
1690090830949 0.7859774272499203 0
1690090837441 0.8894473568083942 0
1690090846335 0.9060880948100449 0
1690090854459 0.8888260392576672 0
1690090861367 0.9014393218164435 0
1690090868617 0.9030527555548292 0
1690090875773 0.8909433199042256 0
1690090881543 0.9007028319618211 0
1690090899460 0.9186372792573404 0
1690090908094 0.9024281181815952 0
1690090918650 0.9210740289774538 0
1690090925548 0.9023139673615481 0
1690090931677 0.9022718311528057 0
1690090937924 0.9024521230520304 0
1690090944009 0.9022176925088461 0
1690090950325 0.9022718311528057 0
1690090956422 0.9023165210711689 0
1690090961798 0.9804554387886018 0
1690090968108 0.9023060508617238 0
1690090974618 0.9023701489732043 0
1690090980641 0.9630480771588039 0
1690090987255 0.9049999591406461 0
1690090992585 0.9362039923674728 0
1690090999047 0.9024380776491161 0
1690091005597 0.902389046424398 0
1690091012329 0.9050091524952808 0
1690091020729 0.9032629258566165 0
1690091026558 0.9028249646566587 0
1690091033597 0.9050862745258272 0
1690091039447 0.9006696337367514 0
1690091046016 0.9069678477743911 0
1690091051594 0.9611233462176496 0
1690091059471 0.9053140654239976 0
1690091066959 0.910742741335774 0
1690091072922 0.9014799257994133 0
1690091078934 0.9015859047486741 0
1690091085233 0.9015859047486741 0
1690091090630 0.9028451389626626 0
1690091095515 0.8983003019506255 0
1690091101130 0.9040275065170669 0
1690091106964 0.9043444218810012 0
1690091112480 0.9341689411707021 0
1690091118076 0.9037746892646132 0
1690091122997 0.8945279620988631 0
1690091129261 0.9022159049121116 0
1690091136291 0.9023193301517517 0
1690091142397 0.9046858528572946 0
1690091148695 0.904968293141349 0
1690091155522 0.9022526783306503 0
1690091163236 0.9078302355133161 0
1690091168789 0.8989867390966815 0
1690091183613 0.9062385083067066 0
1690091190643 0.9067985368265357 0
1690091196488 0.9022582964918159 0
1690091202510 0.9022582964918159 0
1690091207805 0.8979397181521767 0
1690091213725 0.9048390754345392 0
1690091219682 0.901839743484976 0
1690091226485 0.9049815724313767 0
1690091232507 0.9096650758758202 0
1690091238871 0.91451431507465 0
1690091246403 0.9029028528000915 0
1690091251818 0.9021574249617966 0
