1690090490207 0.8195345448180261 0
1690090497870 0.820538250339721 0
1690090503662 0.8212660710659818 0
1690090509360 0.5898863324863893 0
1690090529523 0.9241517329690981 0
1690090537976 0.8460408916076105 0
1690090545906 0.8330557793533726 0
1690090555571 0.8148653712166282 0
1690090561616 0.821744609028322 0
1690090570403 0.5898863324863893 0
1690090582330 0.805958236542083 0
1690090588434 0.8149611816100745 0
1690090600241 0.8243341579877597 0
1690090610028 0.8101417710241026 0
1690090625768 0.8390717506073843 0
1690090632520 0.7934342254031671 0
1690090644140 0.8391709724417089 0
1690090652245 0.8211004752948247 0
1690090667939 0.8932305628927444 0
1690090677010 0.8065757262376521 0
1690090682602 0.7857772113679614 0
1690090691564 0.8101417710241026 0
1690090698551 0.8121355565631977 0
1690090707169 0.81397141061637 0
1690090716854 0.8088364827244008 0
1690090724853 0.8078093976359908 0
1690090731249 0.8269772742348318 0
1690090736290 0.8424713725531067 0
1690090748415 0.8101417710241026 0
1690090755980 0.7942114583557798 0
1690090765415 0.8203925788028843 0
1690090774944 0.8089753958446129 0
1690090782455 0.8120686653833904 0
1690090794216 0.8032158600409328 0
1690090805942 0.8182227349510416 0
1690090815066 0.809995771053937 0
1690090823468 0.8285943565722083 0
1690090830949 0.7714045175285819 0
1690090837441 0.8144718793810453 0
1690090846335 0.8156171773110183 0
1690090854459 0.8082179490890413 0
1690090861367 0.8117275316147432 0
1690090868617 0.8127562432526525 0
1690090875773 0.8097331979514739 0
1690090881543 0.8093204565737588 0
1690090899460 0.8255394122478638 0
1690090908094 0.8105618140627558 0
1690090918650 0.8305682493853844 0
1690090925548 0.8089036285004962 0
1690090931677 0.809383167701248 0
1690090937924 0.8091098905290621 0
1690090944009 0.8080118463871964 0
1690090950325 0.809383167701248 0
1690090956422 0.8091768593435962 0
1690090961798 0.9072670019479148 0
1690090968108 0.8091768593435962 0
1690090974618 0.8075324752171269 0
1690090980641 0.8773452813666959 0
1690090987255 0.8092527262291289 0
1690090992585 0.8464688013852393 0
1690090999047 0.8067117735759098 0
1690091005597 0.8070531040470575 0
1690091012329 0.8095268079660125 0
1690091020729 0.8082179490890413 0
1690091026558 0.807329520975906 0
1690091033597 0.8099353184785597 0
1690091039447 0.8080118463871964 0
1690091046016 0.8139590591231011 0
1690091051594 0.8770369943271733 0
1690091059471 0.8104875806874954 0
1690091066959 0.8135572290231291 0
1690091072922 0.810135769598151 0
1690091078934 0.8091768593435962 0
1690091085233 0.8091768593435962 0
1690091090630 0.8131015326140953 0
1690091095515 0.8129239874783064 0
1690091101130 0.8101417710241026 0
1690091106964 0.8108217853035026 0
1690091112480 0.8445033668854287 0
1690091118076 0.8135309885100469 0
1690091122997 0.8108365833916029 0
1690091129261 0.8075997530344406 0
1690091136291 0.8079445500989931 0
1690091142397 0.8100691373103233 0
1690091148695 0.8115152236081579 0
1690091155522 0.8088401554568161 0
1690091163236 0.8128810731383875 0
1690091168789 0.8102022177202034 0
1690091183613 0.8108217853035026 0
1690091190643 0.8134152828067104 0
1690091196488 0.8097893621194463 0
1690091202510 0.8097893621194463 0
1690091207805 0.8104749746578365 0
1690091213725 0.8098681310510747 0
1690091219682 0.8088311221301236 0
1690091226485 0.8095268079660125 0
1690091232507 0.8157718306556515 0
1690091238871 0.819453490917031 0
1690091246403 0.8082850684042457 0
1690091251818 0.8139930092310771 0
