1690090490809 0.8276020174232004 0
1690090498546 0.8282897753324163 0
1690090504159 0.828748280605227 0
1690090509915 0.7102246675836772 0
1690090531115 0.927326914259514 0
1690090538576 0.8528198074277854 0
1690090546642 0.8402109124254928 0
1690090556375 0.823016964695094 0
1690090562120 0.8292067858780376 0
1690090571542 0.7102246675836772 0
1690090583471 0.8145346171480972 0
1690090588852 0.8237047226043099 0
1690090601262 0.8321870701513068 0
1690090610914 0.8186611646033929 0
1690090627077 0.8459422283356258 0
1690090633022 0.8033012379642366 0
1690090645148 0.8461714809720312 0
1690090652953 0.8289775332416323 0
1690090669254 0.8977533241632278 0
1690090677744 0.8154516276937185 0
1690090683058 0.7961944062356717 0
1690090692410 0.8186611646033929 0
1690090699126 0.8207244383310408 0
1690090708016 0.8220999541494727 0
1690090717745 0.817285648784961 0
1690090725513 0.8163686382393398 0
1690090731807 0.83447959651536 0
1690090736686 0.8493810178817056 0
1690090749513 0.8186611646033929 0
1690090756555 0.8037597432370472 0
1690090766306 0.828060522696011 0
1690090775823 0.8175149014213663 0
1690090783068 0.8207244383310408 0
1690090795427 0.8120128381476387 0
1690090807023 0.8262265016047684 0
1690090815830 0.8182026593305823 0
1690090824140 0.8358551123337918 0
1690090831733 0.7845025217790005 0
1690090837957 0.823016964695094 0
1690090847152 0.8237047226043099 0
1690090855204 0.8165978908757451 0
1690090861932 0.8204951856946355 0
1690090869273 0.8214121962402567 0
1690090876423 0.8184319119669876 0
1690090882049 0.817973406694177 0
1690090901078 0.833104080696928 0
1690090908733 0.8195781751490142 0
1690090919713 0.8376891334250344 0
1690090926034 0.817285648784961 0
1690090932215 0.8177441540577717 0
1690090938442 0.8175149014213663 0
1690090944553 0.8163686382393398 0
1690090950863 0.8177441540577717 0
1690090956916 0.8175149014213663 0
1690090962269 0.9105914718019257 0
1690090968640 0.8175149014213663 0
1690090975146 0.8159101329665291 0
1690090981124 0.8826226501604768 0
1690090988065 0.817973406694177 0
1690090992967 0.8530490600641908 0
1690090999596 0.8152223750573132 0
1690091006166 0.8154516276937185 0
1690091012889 0.8182026593305823 0
1690091021452 0.8165978908757451 0
1690091027043 0.8159101329665291 0
1690091034227 0.8184319119669876 0
1690091039953 0.8163686382393398 0
1690091046582 0.8218707015130674 0
1690091052052 0.8821641448876663 0
1690091060141 0.8191196698762035 0
1690091067591 0.8216414488766621 0
1690091073441 0.8184319119669876 0
1690091079565 0.8175149014213663 0
1690091085732 0.8175149014213663 0
1690091091045 0.8204951856946355 0
1690091095921 0.8207244383310408 0
1690091101666 0.8186611646033929 0
1690091107533 0.8191196698762035 0
1690091113240 0.8507565337001376 0
1690091118537 0.8211829436038515 0
1690091123408 0.8198074277854195 0
1690091129816 0.8159101329665291 0
1690091136872 0.8163686382393398 0
1690091142900 0.8184319119669876 0
1690091149236 0.8200366804218249 0
1690091156080 0.8175149014213663 0
1690091163925 0.8211829436038515 0
1690091169290 0.8184319119669876 0
1690091184974 0.8191196698762035 0
1690091191106 0.8214121962402567 0
1690091197000 0.817973406694177 0
1690091203011 0.817973406694177 0
1690091208247 0.8186611646033929 0
1690091214232 0.8184319119669876 0
1690091220167 0.8170563961485557 0
1690091227059 0.8182026593305823 0
1690091232958 0.8241632278771206 0
1690091239381 0.827372764786795 0
1690091247108 0.8165978908757451 0
1690091252264 0.8214121962402567 0
