1690090490207 0.4098547680231599 0
1690090497870 0.39000265095635217 0
1690090503662 0.3844880095086658 0
1690090509360 0.5352665071485225 0
1690090529523 0.25250321541898574 0
1690090537976 0.35492417745367605 0
1690090545906 0.3885666428381248 0
1690090555571 0.3913736824753223 0
1690090561616 0.3838784085057064 0
1690090570403 0.5355283456010005 0
1690090582330 0.4078244941754638 0
1690090588434 0.39094460635294964 0
1690090600241 0.37805997106313205 0
1690090610028 0.4088168089219208 0
1690090625768 0.36246638253366 0
1690090632520 0.4593849812522178 0
1690090644140 0.3630785121673212 0
1690090652245 0.3885486452086726 0
1690090667939 0.30006143047719247 0
1690090677010 0.41216739403662733 0
1690090682602 0.4704820601624225 0
1690090691564 0.40884341940000773 0
1690090698551 0.40411386188450327 0
1690090707169 0.4031233019065486 0
1690090716854 0.4042414124548017 0
1690090724853 0.42357838897893574 0
1690090731249 0.3776571847378777 0
1690090736290 0.35934534642965854 0
1690090748415 0.4119622162554807 0
1690090755980 0.45919915314902665 0
1690090765415 0.38796665856809254 0
1690090774944 0.4133915625288976 0
1690090782455 0.4037404874251865 0
1690090794216 0.4339754760470124 0
1690090805942 0.3986574869710104 0
1690090815066 0.40486296474356015 0
1690090823468 0.38506554159034634 0
1690090830949 0.4994818137902033 0
1690090837441 0.41913506333802775 0
1690090846335 0.39857920113343676 0
1690090854459 0.41886217747470156 0
1690090861367 0.4037768756300356 0
1690090868617 0.4023771045113938 0
1690090875773 0.41709425798864813 0
1690090881543 0.4042519778555904 0
1690090899460 0.3811088634947005 0
1690090908094 0.4033998739872914 0
1690090918650 0.3773120935160888 0
1690090925548 0.4025148763279779 0
1690090931677 0.4027229197601367 0
1690090937924 0.40251630750493356 0
1690090944009 0.4025513579251814 0
1690090950325 0.4027229197601367 0
1690090956422 0.4025378223170539 0
1690090961798 0.27302649528649303 0
1690090968108 0.4026607196371417 0
1690090974618 0.40289091621011114 0
1690090980641 0.3100789258719598 0
1690090987255 0.3999977461511063 0
1690090992585 0.34242010435086717 0
1690090999047 0.4029339730392131 0
1690091005597 0.40288616660288684 0
1690091012329 0.3999349140819374 0
1690091020729 0.4026977121664858 0
1690091026558 0.4000170289924894 0
1690091033597 0.40024629340440954 0
1690091039447 0.40316765251168296 0
1690091046016 0.3957439544544278 0
1690091051594 0.3117142750673146 0
1690091059471 0.39997371315305025 0
1690091066959 0.3924097990189216 0
1690091072922 0.40294208810028126 0
1690091078934 0.40287959266173756 0
1690091085233 0.40287959266173756 0
1690091090630 0.3965587582667035 0
1690091095515 0.39861194320429927 0
1690091101130 0.39919882844875587 0
1690091106964 0.39913247372347344 0
1690091112480 0.3559317174416057 0
1690091118076 0.3965089540114722 0
1690091122997 0.39664119842239726 0
1690091129261 0.4027334865117425 0
1690091136291 0.40314877755719875 0
1690091142397 0.39945276376964983 0
1690091148695 0.3996723342273922 0
1690091155522 0.40314748080901025 0
1690091163236 0.396085223819217 0
1690091168789 0.4040453219812078 0
1690091183613 0.3992872630963725 0
1690091190643 0.39504081008121306 0
1690091196488 0.4025550389165058 0
1690091202510 0.4025550389165058 0
1690091207805 0.403957070774006 0
1690091213725 0.3994462198625834 0
1690091219682 0.4027620834431166 0
1690091226485 0.3999945870532204 0
1690091232507 0.39153244572046586 0
1690091238871 0.38644583695739915 0
1690091246403 0.4029556043620471 0
1690091251818 0.3968824569654473 0
