1690090490207 0.8222525752693962 0
1690090497870 0.8229318035018028 0
1690090503662 0.8233745780401553 0
1690090509360 0.5044190784443449 0
1690090529523 0.9327798013757586 0
1690090537976 0.8503798308746839 0
1690090545906 0.8361834705019133 0
1690090555571 0.8170902768613968 0
1690090561616 0.8238834395440418 0
1690090570403 0.5044190784443449 0
1690090582330 0.8076181025845539 0
1690090588434 0.818040696213093 0
1690090600241 0.8273843913624702 0
1690090610028 0.812251198852063 0
1690090625768 0.8425447353843665 0
1690090632520 0.7950263964822842 0
1690090644140 0.8428941888534883 0
1690090652245 0.8237481876640542 0
1690090667939 0.9000947486562768 0
1690090677010 0.8086843006836343 0
1690090682602 0.7869792433591916 0
1690090691564 0.812251198852063 0
1690090698551 0.8145989541263318 0
1690090707169 0.8160530054656943 0
1690090716854 0.8106925300686462 0
1690090724853 0.8096754605833808 0
1690090731249 0.8298411799775016 0
1690090736290 0.8465168526438901 0
1690090748415 0.812251198852063 0
1690090755980 0.7955472174650478 0
1690090765415 0.8226503920564929 0
1690090774944 0.8109625798646337 0
1690090782455 0.8146153077229267 0
1690090794216 0.8048044005529449 0
1690090805942 0.8206753057551355 0
1690090815066 0.8116926741703073 0
1690090823468 0.8312974830940716 0
1690090830949 0.773424158780471 0
1690090837441 0.8171917335087495 0
1690090846335 0.8178510074730299 0
1690090854459 0.8099133986516545 0
1690090861367 0.8143833579832785 0
1690090868617 0.8153971236291471 0
1690090875773 0.8120251794247302 0
1690090881543 0.8114980637027959 0
1690090899460 0.8283078091337716 0
1690090908094 0.8134049946936635 0
1690090918650 0.8333100028619808 0
1690090925548 0.8106845461803148 0
1690090931677 0.8111964362726517 0
1690090937924 0.8109445130435591 0
1690090944009 0.809654592251256 0
1690090950325 0.8111964362726517 0
1690090956422 0.8109366664539944 0
1690090961798 0.9125014027158 0
1690090968108 0.8109366664539944 0
1690090974618 0.8091432138419908 0
1690090980641 0.8834308162445104 0
1690090987255 0.8115104244844097 0
1690090992585 0.8504736455195088 0
1690090999047 0.8083837781194602 0
1690091005597 0.8086318354327258 0
1690091012329 0.8117613883532249 0
1690091020729 0.8099133986516545 0
1690091026558 0.8091625386925402 0
1690091033597 0.8119889430832484 0
1690091039447 0.809654592251256 0
1690091046016 0.8157590428850235 0
1690091051594 0.8826204897906875 0
1690091059471 0.8127903701926943 0
1690091066959 0.8155297187693539 0
1690091072922 0.8119599342563344 0
1690091078934 0.8109366664539944 0
1690091085233 0.8109366664539944 0
1690091090630 0.8141892339127308 0
1690091095515 0.8144662713098402 0
1690091101130 0.812251198852063 0
1690091106964 0.812732106549662 0
1690091112480 0.8476159755168752 0
1690091118076 0.8149629344430968 0
1690091122997 0.8136542199816852 0
1690091129261 0.8091383265949674 0
1690091136291 0.8096607659956413 0
1690091142397 0.8119688070131987 0
1690091148695 0.8138050291331127 0
1690091155522 0.810983836081297 0
1690091163236 0.8150544526845982 0
1690091168789 0.8119518534673168 0
1690091183613 0.812732106549662 0
1690091190643 0.8152585713690058 0
1690091196488 0.8114339449162924 0
1690091202510 0.8114339449162924 0
1690091207805 0.8122035436853754 0
1690091213725 0.8120002138079654 0
1690091219682 0.8104127126988709 0
1690091226485 0.8117613883532249 0
1690091232507 0.8184497703097761 0
1690091238871 0.8219461282117243 0
1690091246403 0.8099073590090099 0
1690091251818 0.8152024767499447 0
