1690090490207 0.8276020174232004 0
1690090497870 0.8282897753324163 0
1690090503662 0.828748280605227 0
1690090509360 0.7102246675836772 0
1690090529523 0.927326914259514 0
1690090537976 0.8528198074277854 0
1690090545906 0.8402109124254928 0
1690090555571 0.823016964695094 0
1690090561616 0.8292067858780376 0
1690090570403 0.7102246675836772 0
1690090582330 0.8145346171480972 0
1690090588434 0.8237047226043099 0
1690090600241 0.8321870701513068 0
1690090610028 0.8186611646033929 0
1690090625768 0.8459422283356258 0
1690090632520 0.8033012379642366 0
1690090644140 0.8461714809720312 0
1690090652245 0.8289775332416323 0
1690090667939 0.8977533241632278 0
1690090677010 0.8154516276937185 0
1690090682602 0.7961944062356717 0
1690090691564 0.8186611646033929 0
1690090698551 0.8207244383310408 0
1690090707169 0.8220999541494727 0
1690090716854 0.817285648784961 0
1690090724853 0.8163686382393398 0
1690090731249 0.83447959651536 0
1690090736290 0.8493810178817056 0
1690090748415 0.8186611646033929 0
1690090755980 0.8037597432370472 0
1690090765415 0.828060522696011 0
1690090774944 0.8175149014213663 0
1690090782455 0.8207244383310408 0
1690090794216 0.8120128381476387 0
1690090805942 0.8262265016047684 0
1690090815066 0.8182026593305823 0
1690090823468 0.8358551123337918 0
1690090830949 0.7845025217790005 0
1690090837441 0.823016964695094 0
1690090846335 0.8237047226043099 0
1690090854459 0.8165978908757451 0
1690090861367 0.8204951856946355 0
1690090868617 0.8214121962402567 0
1690090875773 0.8184319119669876 0
1690090881543 0.817973406694177 0
1690090899460 0.833104080696928 0
1690090908094 0.8195781751490142 0
1690090918650 0.8376891334250344 0
1690090925548 0.817285648784961 0
1690090931677 0.8177441540577717 0
1690090937924 0.8175149014213663 0
1690090944009 0.8163686382393398 0
1690090950325 0.8177441540577717 0
1690090956422 0.8175149014213663 0
1690090961798 0.9105914718019257 0
1690090968108 0.8175149014213663 0
1690090974618 0.8159101329665291 0
1690090980641 0.8826226501604768 0
1690090987255 0.817973406694177 0
1690090992585 0.8530490600641908 0
1690090999047 0.8152223750573132 0
1690091005597 0.8154516276937185 0
1690091012329 0.8182026593305823 0
1690091020729 0.8165978908757451 0
1690091026558 0.8159101329665291 0
1690091033597 0.8184319119669876 0
1690091039447 0.8163686382393398 0
1690091046016 0.8218707015130674 0
1690091051594 0.8821641448876663 0
1690091059471 0.8191196698762035 0
1690091066959 0.8216414488766621 0
1690091072922 0.8184319119669876 0
1690091078934 0.8175149014213663 0
1690091085233 0.8175149014213663 0
1690091090630 0.8204951856946355 0
1690091095515 0.8207244383310408 0
1690091101130 0.8186611646033929 0
1690091106964 0.8191196698762035 0
1690091112480 0.8507565337001376 0
1690091118076 0.8211829436038515 0
1690091122997 0.8198074277854195 0
1690091129261 0.8159101329665291 0
1690091136291 0.8163686382393398 0
1690091142397 0.8184319119669876 0
1690091148695 0.8200366804218249 0
1690091155522 0.8175149014213663 0
1690091163236 0.8211829436038515 0
1690091168789 0.8184319119669876 0
1690091183613 0.8191196698762035 0
1690091190643 0.8214121962402567 0
1690091196488 0.817973406694177 0
1690091202510 0.817973406694177 0
1690091207805 0.8186611646033929 0
1690091213725 0.8184319119669876 0
1690091219682 0.8170563961485557 0
1690091226485 0.8182026593305823 0
1690091232507 0.8241632278771206 0
1690091238871 0.827372764786795 0
1690091246403 0.8165978908757451 0
1690091251818 0.8214121962402567 0
